-30.000000 -45.000000 100.000000 -20.000000 60.000000 -45.000000
-30.132212 -48.370742 106.824103 -20.147229 54.997140 -44.999533
-30.280004 -50.995516 112.271037 -20.377871 49.748310 -44.999500
-30.441826 -53.100651 116.758701 -20.661707 44.509831 -44.999473
-30.621400 -54.867339 120.642142 -20.987157 39.223310 -44.999437
-30.802296 -56.252089 123.792289 -21.311725 34.339332 -44.999392
-30.991858 -57.409943 126.527064 -21.640233 29.586176 -44.999334
-31.183824 -58.360989 128.868405 -21.955845 25.060688 -44.999262
-31.381838 -59.167488 130.945722 -22.259357 20.615522 -44.999171
-31.542884 -59.722126 132.438426 -22.486695 17.118210 -44.999083
-31.723716 -60.260127 133.948154 -22.716956 13.270068 -44.998969
-31.862106 -60.624213 135.007813 -22.871446 10.351226 -44.998867
-32.003634 -60.965045 136.024223 -23.004876 7.361514 -44.998750
-32.122617 -61.235931 136.839459 -23.092453 4.822868 -44.998639
-32.254684 -61.532949 137.719550 -23.154349 1.952723 -44.998501
-32.337296 -61.725704 138.267289 -23.167813 0.117781 -44.998405
-32.429549 -61.958804 138.888607 -23.151872 -1.973319 -44.998288
-32.511304 -62.193908 139.459895 -23.102189 -3.858481 -44.998175
-32.589419 -62.458208 140.035982 -23.015245 -5.664460 -44.998061
-32.647786 -62.689465 140.491043 -22.921529 -6.985973 -44.997971
-32.717045 -63.006040 141.057819 -22.779016 -8.469177 -44.997863
-32.771860 -63.286124 141.520315 -22.647077 -9.535765 -44.997779
-32.842868 -63.674746 142.121610 -22.462856 -10.735841 -44.997675
-32.904295 -64.020196 142.629883 -22.301798 -11.602872 -44.997591
-32.972153 -64.398671 143.168415 -22.130194 -12.396567 -44.997505
-33.058796 -64.865160 143.815280 -21.926533 -13.210454 -44.997405
-33.163333 -65.395300 144.536806 -21.705468 -13.976416 -44.997298
-33.305680 -66.059929 145.430736 -21.442534 -14.768632 -44.997171
-33.408829 -66.504915 146.026330 -21.274273 -15.222851 -44.997089
-33.592017 -67.232192 146.999158 -21.010703 -15.869286 -44.996961
-33.779055 -67.906858 147.904152 -20.776868 -16.388940 -44.996849
-33.994926 -68.617798 148.863127 -20.539454 -16.874943 -44.996739
-34.249331 -69.381239 149.901310 -20.292646 -17.343796 -44.996628
-34.478780 -70.013721 150.769475 -20.093101 -17.700234 -44.996545
-34.800499 -70.827553 151.899269 -19.841060 -18.126138 -44.996446
-35.166731 -71.668896 153.084742 -19.583965 -18.536895 -44.996356
-35.592386 -72.553968 154.354396 -19.314791 -18.945340 -44.996274
-35.974513 -73.277822 155.412968 -19.093719 -19.266605 -44.996216
-36.518148 -74.211121 156.809904 -18.804558 -19.670140 -44.996152
-37.050841 -75.032152 158.075041 -18.543254 -20.020585 -44.996105
-37.575888 -75.763580 159.237601 -18.301945 -20.333675 -44.996067
-38.212975 -76.560333 160.552253 -18.025734 -20.681019 -44.996029
-38.781476 -77.196361 161.648314 -17.791102 -20.967798 -44.995999
-39.532075 -77.938662 162.998706 -17.494122 -21.321085 -44.995959
-40.163281 -78.483881 164.058798 -17.252744 -21.601112 -44.995922
-41.090556 -79.162997 165.505332 -16.907443 -21.992028 -44.995860
-41.705954 -79.537059 166.399099 -16.682013 -22.241874 -44.995810
-42.500877 -79.931551 167.481309 -16.392518 -22.557411 -44.995734
-43.218107 -80.201054 168.391160 -16.130642 -22.838442 -44.995653
-44.056001 -80.408024 169.376155 -15.820638 -23.166656 -44.995540
-44.841029 -80.488388 170.222107 -15.522498 -23.478612 -44.995414
-45.451248 -80.466310 170.825735 -15.282598 -23.727520 -44.995301
-46.187451 -80.325402 171.484818 -14.979000 -24.040350 -44.995144
-46.906970 -80.039782 172.043362 -14.659913 -24.366969 -44.994965
-47.467716 -79.684386 172.404408 -14.387622 -24.644086 -44.994802
-47.911627 -79.289702 172.628163 -14.149314 -24.885338 -44.994655
-48.453361 -78.602090 172.789616 -13.812629 -25.223663 -44.994442
-48.780235 -78.002585 172.787181 -13.564825 -25.470142 -44.994283
-49.041271 -77.322999 172.676238 -13.314979 -25.715625 -44.994123
-49.231948 -76.550400 172.444474 -13.057458 -25.964334 -44.993961
-49.335388 -75.734043 172.100812 -12.805931 -26.201588 -44.993805
-49.352192 -74.890166 171.653476 -12.560651 -26.425879 -44.993657
-49.284438 -74.035864 171.112789 -12.321799 -26.635734 -44.993516
-49.146443 -73.237882 170.529505 -12.102918 -26.818879 -44.993389
-48.899585 -72.334336 169.773632 -11.854809 -27.013648 -44.993247
-48.640276 -71.647997 169.123967 -11.661999 -27.153974 -44.993135
-48.329530 -71.004723 168.444466 -11.473523 -27.280511 -44.993025
-47.871735 -70.274714 167.565386 -11.242291 -27.419779 -44.992885
-47.414626 -69.723819 166.789725 -11.044331 -27.523813 -44.992759
-46.978704 -69.325243 166.125030 -10.875195 -27.600986 -44.992646
-46.416282 -68.964200 165.361356 -10.676216 -27.677712 -44.992503
-45.890360 -68.766885 164.736406 -10.503826 -27.732147 -44.992372
-45.276914 -68.699592 164.114762 -10.313982 -27.780111 -44.992217
-44.757776 -68.780723 163.682317 -10.159376 -27.811131 -44.992083
-44.244424 -68.992896 163.346026 -10.009263 -27.835847 -44.991946
-43.582590 -69.484429 163.065113 -9.815506 -27.862854 -44.991763
-43.113550 -70.010419 162.990584 -9.674423 -27.881538 -44.991626
-42.676906 -70.669534 163.039022 -9.536385 -27.901225 -44.991490
-42.247632 -71.534412 163.235099 -9.388738 -27.926039 -44.991346
-41.867195 -72.575859 163.593037 -9.238813 -27.957375 -44.991202
-41.537926 -73.864727 164.155810 -9.077176 -28.000037 -44.991052
-41.349657 -74.975778 164.716395 -8.950413 -28.040665 -44.990939
-41.218726 -76.325806 165.468574 -8.805490 -28.094857 -44.990816
-41.182892 -77.742292 166.325157 -8.659140 -28.157258 -44.990699
-41.261731 -79.388977 167.393281 -8.491157 -28.236716 -44.990571
-41.451868 -80.945789 168.466215 -8.330236 -28.318585 -44.990453
-41.712637 -82.312198 169.455365 -8.184304 -28.395936 -44.990351
-42.242954 -84.252854 170.936635 -7.964245 -28.515227 -44.990199
-42.734586 -85.605447 172.025882 -7.797958 -28.605744 -44.990086
-43.354732 -86.986196 173.193145 -7.612896 -28.705675 -44.989960
-44.202210 -88.507729 174.558787 -7.384329 -28.827119 -44.989802
-44.908846 -89.555085 175.561709 -7.206173 -28.920155 -44.989678
-45.958311 -90.840167 176.892525 -6.953283 -29.050295 -44.989497
-46.781864 -91.666968 177.836833 -6.760172 -29.148921 -44.989355
-47.923487 -92.588384 179.034386 -6.494948 -29.285090 -44.989154
-48.760983 -93.108175 179.845132 -6.298974 -29.387844 -44.989001
-49.557163 -93.475435 180.569576 -6.108612 -29.491097 -44.988848
-50.516592 -93.725085 181.385208 -5.868207 -29.629543 -44.988647
-51.190107 -93.727192 181.916310 -5.685054 -29.744449 -44.988487
-51.759478 -93.536894 182.326801 -5.509540 -29.866404 -44.988327
-52.121012 -93.219432 182.551066 -5.373380 -29.972854 -44.988198
-52.367329 -92.705146 182.648942 -5.239320 -30.092872 -44.988066
-52.436854 -92.086838 182.586753 -5.132520 -30.204842 -44.987956
-52.346993 -91.345023 182.369545 -5.042763 -30.316524 -44.987860
-52.092581 -90.484898 181.986803 -4.968894 -30.427814 -44.987777
-51.649430 -89.476792 181.401818 -4.908180 -30.541567 -44.987705
-51.043097 -88.399600 180.639954 -4.863758 -30.647955 -44.987648
-50.292988 -87.280245 179.712186 -4.833022 -30.744135 -44.987605
-49.567841 -86.325937 178.815292 -4.815759 -30.814873 -44.987577
-48.729713 -85.327022 177.771039 -4.804171 -30.877163 -44.987553
-47.501734 -84.008473 176.219301 -4.796093 -30.938406 -44.987526
-46.414504 -82.951994 174.820805 -4.793489 -30.966656 -44.987505
-45.523816 -82.151150 173.657409 -4.792752 -30.972693 -44.987488
-44.305071 -81.139378 172.040516 -4.792128 -30.956200 -44.987462
-43.064352 -80.202629 170.367322 -4.790465 -30.909280 -44.987433
-42.131124 -79.558649 169.093402 -4.787729 -30.852983 -44.987407
-41.012560 -78.856733 167.553250 -4.781990 -30.760221 -44.987373
-39.793907 -78.184189 165.866076 -4.771723 -30.625362 -44.987330
-38.735262 -77.686355 164.401376 -4.758459 -30.476956 -44.987289
-37.683756 -77.283562 162.958558 -4.740215 -30.297769 -44.987246
-36.583077 -76.979594 161.477783 -4.714151 -30.072156 -44.987199
-35.815345 -76.855681 160.476269 -4.690469 -29.888631 -44.987166
-34.878527 -76.831929 159.311374 -4.653172 -29.630502 -44.987126
-34.235396 -76.923071 158.567199 -4.620100 -29.427121 -44.987100
-33.660664 -77.107542 157.960653 -4.582949 -29.222442 -44.987079
-33.074889 -77.441936 157.430314 -4.533576 -28.983531 -44.987059
-32.558146 -77.941239 157.088973 -4.472713 -28.732720 -44.987045
-32.251048 -78.411653 156.994548 -4.420725 -28.550471 -44.987039
-31.998601 -79.029404 157.060241 -4.355539 -28.356526 -44.987035
-31.837367 -79.849493 157.362560 -4.270265 -28.150175 -44.987034
-31.814979 -80.558849 157.764739 -4.195308 -28.004286 -44.987035
-31.899379 -81.381967 158.358918 -4.104862 -27.863079 -44.987035
-32.091754 -82.209785 159.075596 -4.008137 -27.745329 -44.987034
-32.360441 -82.968344 159.830779 -3.912433 -27.655398 -44.987029
-32.750915 -83.778411 160.744346 -3.800003 -27.576307 -44.987021
-33.233933 -84.544305 161.723995 -3.680092 -27.516974 -44.987009
-33.645981 -85.070643 162.478665 -3.586709 -27.485279 -44.986997
-34.279038 -85.719719 163.537651 -3.452511 -27.458104 -44.986979
-34.972937 -86.258580 164.592992 -3.313267 -27.449300 -44.986959
-35.541170 -86.585952 165.390846 -3.202927 -27.454547 -44.986944
-36.115804 -86.820123 166.144228 -3.093347 -27.469527 -44.986931
-36.873477 -86.979720 167.060021 -2.950298 -27.502980 -44.986920
-37.380965 -86.985178 167.623435 -2.854471 -27.534045 -44.986917
-38.047676 -86.849386 168.296296 -2.727237 -27.586199 -44.986922
-38.554543 -86.613571 168.746912 -2.628304 -27.635706 -44.986935
-39.018888 -86.265520 169.099478 -2.534645 -27.690220 -44.986957
-39.436783 -85.803140 169.348089 -2.446205 -27.748927 -44.986987
-39.808158 -85.214658 169.485538 -2.361941 -27.811713 -44.987027
-40.143402 -84.440888 169.492238 -2.277285 -27.881594 -44.987080
-40.360936 -83.703268 169.379086 -2.213379 -27.938536 -44.987130
-40.511922 -82.949286 169.176523 -2.159327 -27.988840 -44.987178
-40.637609 -81.848648 168.759766 -2.094685 -28.049724 -44.987242
-40.677517 -80.860588 168.286882 -2.047028 -28.092587 -44.987292
-40.669304 -80.051064 167.840459 -2.013437 -28.119588 -44.987327
-40.604067 -78.886965 167.116344 -1.971757 -28.145446 -44.987367
-40.513073 -77.955610 166.473442 -1.942845 -28.154718 -44.987389
-40.342223 -76.691709 165.517594 -1.908461 -28.150041 -44.987403
-40.178130 -75.720857 164.721587 -1.885021 -28.131931 -44.987401
-39.989410 -74.755628 163.878932 -1.863700 -28.100316 -44.987389
-39.702737 -73.475050 162.683791 -1.837724 -28.035329 -44.987356
-39.490189 -72.622089 161.839311 -1.821488 -27.975933 -44.987324
-39.215756 -71.607159 160.783863 -1.802898 -27.886543 -44.987276
-38.894421 -70.513341 159.583898 -1.783337 -27.764757 -44.987213
-38.612196 -69.619328 158.553733 -1.767388 -27.643101 -44.987154
-38.310416 -68.720441 157.471495 -1.751089 -27.498051 -44.987089
-38.003362 -67.858128 156.387477 -1.734921 -27.334625 -44.987024
-37.688575 -67.022709 155.291953 -1.718454 -27.150378 -44.986959
-37.376343 -66.238456 154.220012 -1.701961 -26.950680 -44.986897
-37.124542 -65.636245 153.365987 -1.688382 -26.777121 -44.986850
-36.810031 -64.920480 152.312676 -1.670882 -26.544317 -44.986794
-36.558456 -64.376477 151.481447 -1.656312 -26.345007 -44.986753
-36.232245 -63.708700 150.419954 -1.636450 -26.068787 -44.986702
-36.021958 -63.301011 149.746466 -1.622943 -25.879819 -44.986671
-35.709116 -62.728515 148.762237 -1.601608 -25.582427 -44.986625
-35.467105 -62.314689 148.017298 -1.583891 -25.338650 -44.986587
-35.237021 -61.946078 147.324343 -1.565872 -25.095456 -44.986548
-35.019180 -61.620759 146.683868 -1.547564 -24.854630 -44.986507
-34.861596 -61.400705 146.231219 -1.533438 -24.673828 -44.986473
-34.655593 -61.133761 145.654716 -1.513659 -24.428867 -44.986422
-34.479127 -60.925175 145.176301 -1.495327 -24.211016 -44.986371
-34.287147 -60.721211 144.674256 -1.473629 -23.965260 -44.986307
-34.146983 -60.588765 144.321409 -1.456402 -23.779805 -44.986253
-33.974508 -60.446763 143.905235 -1.433237 -23.544211 -44.986179
-33.855643 -60.363639 143.631393 -1.415740 -23.376793 -44.986123
-33.745463 -60.298358 143.388136 -1.398156 -23.217641 -44.986067
-33.610746 -60.235402 143.106111 -1.374455 -23.017368 -44.985993
-33.517505 -60.203744 142.921945 -1.356282 -22.874668 -44.985941
-33.432274 -60.184164 142.762347 -1.338073 -22.740874 -44.985891
-33.325873 -60.173494 142.576062 -1.312583 -22.568524 -44.985828
-33.259920 -60.175294 142.468526 -1.294776 -22.458054 -44.985789
-33.192867 -60.184369 142.366012 -1.274559 -22.342072 -44.985748
-33.131334 -60.199690 142.278458 -1.253485 -22.231344 -44.985709
-33.088946 -60.214469 142.222027 -1.237043 -22.151804 -44.985680
-33.039787 -60.236311 142.160771 -1.215164 -22.054729 -44.985642
-32.998612 -60.258866 142.113064 -1.193342 -21.967266 -44.985601
-32.971075 -60.276372 142.083009 -1.175882 -21.903570 -44.985566
-32.946834 -60.293638 142.057721 -1.157276 -21.841418 -44.985523
-32.927231 -60.309179 142.037936 -1.138126 -21.783208 -44.985473
-32.910503 -60.324191 142.021167 -1.114780 -21.719531 -44.985402
-32.903629 -60.331481 142.013923 -1.099096 -21.680908 -44.985347
-32.899987 -60.337022 142.009184 -1.080336 -21.638760 -44.985273
