-30.000000  -45.000000  100.000000  -20.000000  60.000000  -45.000000
-29.927741  -43.495059  96.992198  -20.112969  61.674003  -45.000128
-29.834805  -41.828208  93.650031  -20.246153  63.125843  -45.000132
-29.734901  -40.211575  90.404387  -20.380757  64.133546  -45.000139
-29.620881  -38.512662  86.994753  -20.524618  64.763993  -45.000153
-29.496051  -36.792033  83.546964  -20.668957  64.946633  -45.000173
-29.371733  -35.209988  80.383320  -20.796694  64.697058  -45.000194
-29.225052  -33.512691  76.994252  -20.923926  63.962300  -45.000215
-29.090004  -32.117495  74.206614  -21.017147  62.970746  -45.000225
-28.933782  -30.705973  71.372640  -21.097062  61.576125  -45.000225
-28.787013  -29.570250  69.066404  -21.147705  60.132596  -45.000213
-28.626919  -28.522860  66.896602  -21.180701  58.507796  -45.000192
-28.460662  -27.618544  64.961538  -21.196031  56.838105  -45.000165
-28.304898  -26.913160  63.383150  -21.197609  55.330895  -45.000139
-28.137285  -26.279197  61.878893  -21.189659  53.793023  -45.000112
-27.951912  -25.698514  60.385761  -21.173160  52.203326  -45.000082
-27.782512  -25.254375  59.126202  -21.153739  50.851803  -45.000050
-27.609831  -24.866726  57.899839  -21.131652  49.566972  -45.000009
-27.415864  -24.488749  56.537400  -21.105909  48.223000  -44.999945
-27.258173  -24.211334  55.394582  -21.085416  47.195120  -44.999876
-27.102244  -23.949377  54.177692  -21.066550  46.220693  -44.999788
-26.972460  -23.727721  53.034789  -21.052829  45.424799  -44.999700
-26.854011  -23.504723  51.787674  -21.043148  44.684926  -44.999606
-26.755450  -23.272598  50.411628  -21.039403  44.011253  -44.999516
-26.693212  -23.046427  49.030708  -21.043113  43.466564  -44.999447
-26.669220  -22.816673  47.623259  -21.054487  43.025776  -44.999401
-26.691280  -22.551634  46.028152  -21.076375  42.641383  -44.999374
-26.768776  -22.271049  44.397131  -21.108340  42.351151  -44.999367
-26.898198  -21.985717  42.811156  -21.148506  42.149531  -44.999371
-27.097667  -21.662831  41.108076  -21.201524  42.004891  -44.999378
-27.406126  -21.267680  39.152026  -21.275148  41.913448  -44.999382
-27.718926  -20.927440  37.573701  -21.344712  41.887779  -44.999379
-28.171500  -20.491836  35.684286  -21.440379  41.904436  -44.999369
-28.712996  -20.021595  33.795139  -21.550202  41.965504  -44.999356
-29.364769  -19.498972  31.860115  -21.678275  42.068314  -44.999341
-30.153606  -18.904338  29.845958  -21.829469  42.214248  -44.999330
-30.990522  -18.300301  27.980751  -21.986871  42.382284  -44.999325
-31.977183  -17.607626  26.038916  -22.169704  42.589508  -44.999325
-33.068130  -16.852280  24.131150  -22.369329  42.824948  -44.999326
-34.079233  -16.152621  22.534571  -22.552411  43.046795  -44.999324
-35.355162  -15.259676  20.703936  -22.781013  43.330397  -44.999316
-36.642245  -14.337140  19.024174  -23.008765  43.620201  -44.999301
-37.921437  -13.388342  17.490338  -23.231868  43.912146  -44.999280
-39.394591  -12.242728  15.864553  -23.483831  44.253968  -44.999253
-40.645410  -11.212860  14.587327  -23.692410  44.549820  -44.999233
-42.021634  -10.002172  13.281967  -23.914347  44.882535  -44.999217
-43.389650  -8.695096  12.085439  -24.124283  45.222299  -44.999213
-44.486397  -7.549665  11.202968  -24.281875  45.502535  -44.999217
-45.495682  -6.393666  10.460724  -24.414968  45.767792  -44.999225
-46.544631  -5.049383  9.780564  -24.535442  46.052358  -44.999231
-47.321884  -3.917082  9.362563  -24.606571  46.270049  -44.999225
-48.037051  -2.713747  9.083426  -24.649095  46.476129  -44.999199
-48.584282  -1.613622  8.994346  -24.654639  46.637450  -44.999151
-49.014463  -0.525329  9.091421  -24.623469  46.765016  -44.999075
-49.269916  0.360292  9.340751  -24.565176  46.837819  -44.998990
-49.422782  1.271484  9.812968  -24.464734  46.871506  -44.998876
-49.438770  1.979641  10.398844  -24.346836  46.854015  -44.998768
-49.338108  2.616475  11.190092  -24.194074  46.783368  -44.998650
-49.126609  3.118985  12.137675  -24.017769  46.658093  -44.998536
-48.815787  3.484689  13.230425  -23.821239  46.477562  -44.998424
-48.434262  3.706623  14.405436  -23.616483  46.251894  -44.998317
-48.009290  3.800922  15.614660  -23.411799  45.992484  -44.998213
-47.485031  3.779994  17.028666  -23.179228  45.659658  -44.998093
-46.865189  3.621464  18.636154  -22.922705  45.247350  -44.997957
-46.256859  3.361895  20.172180  -22.684628  44.822607  -44.997826
-45.596253  2.988554  21.809988  -22.437683  44.338534  -44.997688
-44.910018  2.517665  23.488448  -22.191427  43.810129  -44.997550
-44.228805  1.979022  25.137852  -21.955676  43.259365  -44.997421
-43.515941  1.349169  26.849843  -21.717082  42.654446  -44.997292
-42.798753  0.654913  28.559673  -21.484594  42.015705  -44.997168
-42.081770  -0.093643  30.256916  -21.259183  41.346192  -44.997043
-41.413000  -0.836388  31.828507  -21.054917  40.693150  -44.996920
-40.708133  -1.661590  33.471331  -20.845654  39.974348  -44.996780
-40.035900  -2.485560  35.022837  -20.651714  39.259018  -44.996630
-39.426066  -3.261526  36.414941  -20.480476  38.584407  -44.996481
-38.786185  -4.102186  37.856736  -20.305586  37.849811  -44.996313
-38.138487  -4.977931  39.292390  -20.133553  37.077872  -44.996137
-37.548950  -5.794231  40.574063  -19.981354  36.350054  -44.995977
-37.020615  -6.539295  41.698449  -19.848523  35.677103  -44.995842
-36.462442  -7.338157  42.856865  -19.711862  34.944610  -44.995711
-35.954275  -8.073920  43.880569  -19.590717  34.258202  -44.995605
-35.456277  -8.800786  44.850312  -19.474989  33.567084  -44.995513
-35.043241  -9.406508  45.625640  -19.381197  32.979609  -44.995443
-34.592575  -10.068710  46.437272  -19.281027  32.323155  -44.995365
-34.218000  -10.618786  47.081008  -19.199369  31.764409  -44.995296
-33.881909  -11.111004  47.631799  -19.127197  31.251900  -44.995227
-33.535536  -11.615829  48.169866  -19.053706  30.711128  -44.995146
-33.205319  -12.093600  48.651702  -18.984210  30.181420  -44.995060
-32.929530  -12.488998  49.028232  -18.926287  29.725812  -44.994983
-32.683138  -12.838602  49.342595  -18.874296  29.305615  -44.994911
-32.463951  -13.145942  49.603050  -18.827472  28.917942  -44.994846
-32.260985  -13.426662  49.826539  -18.783152  28.542889  -44.994783
-32.078503  -13.674980  50.011490  -18.741884  28.186662  -44.994719
-31.942481  -13.856804  50.138480  -18.709633  27.903682  -44.994662
-31.809868  -14.030381  50.252252  -18.676098  27.605316  -44.994593
-31.699523  -14.170705  50.338145  -18.645413  27.328781  -44.994515
-31.613652  -14.275544  50.398007  -18.618137  27.080206  -44.994433
-31.549186  -14.349172  50.436953  -18.593311  26.851679  -44.994348
-31.505225  -14.392534  50.457321  -18.570180  26.636672  -44.994264
-31.484449  -14.403127  50.459363  -18.550052  26.447638  -44.994189
-31.484070  -14.386573  50.447236  -18.534022  26.295493  -44.994131
