-30.000000  -45.000000  100.000000  -20.000000  60.000000  -45.000000
-29.965820  -44.249909  98.502470  -20.055345  60.878873  -45.000123
-29.927741  -43.495059  96.992198  -20.112969  61.674003  -45.000128
-29.886147  -42.723909  95.446931  -20.173682  62.397680  -45.000130
-29.834805  -41.828208  93.650031  -20.246153  63.125843  -45.000132
-29.782059  -40.957041  91.901173  -20.318215  63.717999  -45.000135
-29.734901  -40.211575  90.404387  -20.380757  64.133546  -45.000139
-29.680485  -39.384084  88.743208  -20.450742  64.495850  -45.000145
-29.620881  -38.512662  86.994753  -20.524618  64.763993  -45.000153
-29.550626  -37.527660  85.020155  -20.607685  64.925462  -45.000164
-29.496051  -36.792033  83.546964  -20.668957  64.946633  -45.000173
-29.436372  -36.016374  81.995099  -20.732421  64.875272  -45.000183
-29.371733  -35.209988  80.383320  -20.796694  64.697058  -45.000194
-29.293574  -34.282384  78.530814  -20.867803  64.357316  -45.000206
-29.225052  -33.512691  76.994252  -20.923926  63.962300  -45.000215
-29.151033  -32.727839  75.426884  -20.977874  63.449544  -45.000222
-29.090004  -32.117495  74.206614  -21.017147  62.970746  -45.000225
-29.009217  -31.360692  72.690008  -21.062066  62.274791  -45.000227
-28.933782  -30.705973  71.372640  -21.097062  61.576125  -45.000225
-28.853770  -30.064832  70.074957  -21.127358  60.799132  -45.000220
-28.787013  -29.570250  69.066404  -21.147705  60.132596  -45.000213
-28.696471  -28.954906  67.798558  -21.168883  59.215120  -45.000202
-28.626919  -28.522860  66.896602  -21.180701  58.507796  -45.000192
-28.556343  -28.117952  66.039491  -21.189240  57.793561  -45.000181
-28.460662  -27.618544  64.961538  -21.196031  56.838105  -45.000165
-28.380443  -27.239787  64.123823  -21.198132  56.053355  -45.000152
-28.304898  -26.913160  63.383150  -21.197609  55.330895  -45.000139
-28.221569  -26.583422  62.613576  -21.194684  54.554688  -45.000126
-28.137285  -26.279197  61.878893  -21.189659  53.793023  -45.000112
-28.041735  -25.965943  61.090818  -21.181945  52.958901  -45.000097
-27.951912  -25.698514  60.385761  -21.173160  52.203326  -45.000082
-27.858328  -25.444284  59.680518  -21.162805  51.445063  -45.000065
-27.782512  -25.254375  59.126202  -21.153739  50.851803  -45.000050
-27.694595  -25.049903  58.497250  -21.142682  50.186503  -45.000031
-27.609831  -24.866726  57.899839  -21.131652  49.566972  -45.000009
-27.510791  -24.667448  57.205976  -21.118526  48.868616  -44.999979
-27.415864  -24.488749  56.537400  -21.105909  48.223000  -44.999945
-27.352495  -24.374851  56.084841  -21.097568  47.803757  -44.999920
-27.258173  -24.211334  55.394582  -21.085416  47.195120  -44.999876
-27.179893  -24.079238  54.798817  -21.075704  46.701869  -44.999834
-27.102244  -23.949377  54.177692  -21.066550  46.220693  -44.999788
-27.036685  -23.838842  53.620655  -21.059321  45.818339  -44.999745
-26.972460  -23.727721  53.034789  -21.052829  45.424799  -44.999700
-26.906484  -23.607685  52.374448  -21.046978  45.016867  -44.999649
-26.854011  -23.504723  51.787674  -21.043148  44.684926  -44.999606
-26.792193  -23.368033  50.984693  -21.040061  44.274754  -44.999551
-26.755450  -23.272598  50.411628  -21.039403  44.011253  -44.999516
-26.715598  -23.144226  49.630289  -21.040586  43.688224  -44.999474
-26.693212  -23.046427  49.030708  -21.043113  43.466564  -44.999447
-26.675622  -22.926418  48.294183  -21.048121  43.222783  -44.999420
-26.669220  -22.816673  47.623259  -21.054487  43.025776  -44.999401
-26.674752  -22.672586  46.750600  -21.065296  42.801830  -44.999383
-26.691280  -22.551634  46.028152  -21.076375  42.641383  -44.999374
-26.720673  -22.421430  45.262943  -21.090181  42.493602  -44.999369
-26.768776  -22.271049  44.397131  -21.108340  42.351151  -44.999367
-26.816653  -22.152718  43.730212  -21.124147  42.257624  -44.999368
-26.898198  -21.985717  42.811156  -21.148506  42.149531  -44.999371
-27.002557  -21.806428  41.853550  -21.177056  42.059965  -44.999375
-27.097667  -21.662831  41.108076  -21.201524  42.004891  -44.999378
-27.211994  -21.506416  40.317362  -21.229633  41.959195  -44.999380
-27.406126  -21.267680  39.152026  -21.275148  41.913448  -44.999382
-27.574890  -21.078820  38.264329  -21.313137  41.894219  -44.999381
-27.718926  -20.927440  37.573701  -21.344712  41.887779  -44.999379
-27.930788  -20.717144  36.643909  -21.390067  41.889997  -44.999375
-28.171500  -20.491836  35.684286  -21.440379  41.904436  -44.999369
-28.460157  -20.235941  34.637884  -21.499408  41.933174  -44.999362
-28.712996  -20.021595  33.795139  -21.550202  41.965504  -44.999356
-29.057131  -19.741110  32.736287  -21.618266  42.017010  -44.999348
-29.364769  -19.498972  31.860115  -21.678275  42.068314  -44.999341
-29.730299  -19.219449  30.889870  -21.748754  42.133866  -44.999335
-30.153606  -18.904338  29.845958  -21.829469  42.214248  -44.999330
-30.531470  -18.629038  28.974608  -21.900851  42.288913  -44.999327
-30.990522  -18.300301  27.980751  -21.986871  42.382284  -44.999325
-31.400179  -18.010891  27.145328  -22.063089  42.467437  -44.999325
-31.977183  -17.607626  26.038916  -22.169704  42.589508  -44.999325
-32.432411  -17.291775  25.216249  -22.253289  42.687140  -44.999325
-33.068130  -16.852280  24.131150  -22.369329  42.824948  -44.999326
-33.565430  -16.508590  23.327729  -22.459593  42.933702  -44.999325
-34.079233  -16.152621  22.534571  -22.552411  43.046795  -44.999324
-34.787996  -15.658628  21.495090  -22.679730  43.203872  -44.999320
-35.355162  -15.259676  20.703936  -22.781013  43.330397  -44.999316
-36.131254  -14.706687  19.673221  -22.918707  43.504694  -44.999307
-36.642245  -14.337140  19.024174  -23.008765  43.620201  -44.999301
-37.276417  -13.871373  18.248347  -23.119813  43.764418  -44.999291
-37.921437  -13.388342  17.490338  -23.231868  43.912146  -44.999280
-38.735651  -12.763149  16.574582  -23.371870  44.100262  -44.999265
-39.394591  -12.242728  15.864553  -23.483831  44.253968  -44.999253
-39.988677  -11.760964  15.246762  -23.583598  44.393780  -44.999243
-40.645410  -11.212860  14.587327  -23.692410  44.549820  -44.999233
-41.320385  -10.630451  13.934365  -23.802394  44.711972  -44.999224
-42.021634  -10.002172  13.281967  -23.914347  44.882535  -44.999217
-42.617914  -9.446863  12.747926  -24.007381  45.029414  -44.999214
-43.389650  -8.695096  12.085439  -24.124283  45.222299  -44.999213
-43.947989  -8.124485  11.627127  -24.205930  45.364004  -44.999214
-44.486397  -7.549665  11.202968  -24.281875  45.502535  -44.999217
-45.002896  -6.972183  10.813884  -24.351684  45.637319  -44.999221
-45.495682  -6.393666  10.460724  -24.414968  45.767792  -44.999225
-46.113091  -5.623636  10.047047  -24.488616  45.934088  -44.999230
-46.544631  -5.049383  9.780564  -24.535442  46.052358  -44.999231
-46.947873  -4.479927  9.552244  -24.574815  46.164513  -44.999230
-47.321884  -3.917082  9.362563  -24.606571  46.270049  -44.999225
-47.695391  -3.313282  9.200275  -24.632378  46.376966  -44.999215
-48.037051  -2.713747  9.083426  -24.649095  46.476129  -44.999199
-48.319345  -2.172955  9.018312  -24.656081  46.559010  -44.999179
-48.584282  -1.613622  8.994346  -24.654639  46.637450  -44.999151
-48.816816  -1.062688  9.017970  -24.643858  46.706557  -44.999117
-49.014463  -0.525329  9.091421  -24.623469  46.765016  -44.999075
-49.152881  -0.085858  9.193294  -24.598709  46.805215  -44.999036
-49.269916  0.360292  9.340751  -24.565176  46.837819  -44.998990
-49.361817  0.813823  9.543524  -24.521150  46.860881  -44.998936
-49.422782  1.271484  9.812968  -24.464734  46.871506  -44.998876
-49.443953  1.614116  10.066723  -24.413022  46.869088  -44.998826
-49.438770  1.979641  10.398844  -24.346836  46.854015  -44.998768
-49.403099  2.314120  10.773640  -24.273726  46.825524  -44.998709
-49.338108  2.616475  11.190092  -24.194074  46.783368  -44.998650
-49.250504  2.872721  11.622500  -24.112849  46.730572  -44.998595
-49.126609  3.118985  12.137675  -24.017769  46.658093  -44.998536
-49.000075  3.298457  12.606028  -23.932739  46.584718  -44.998486
-48.815787  3.484689  13.230425  -23.821239  46.477562  -44.998424
-48.634495  3.611488  13.803462  -23.720604  46.371098  -44.998371
-48.434262  3.706623  14.405436  -23.616483  46.251894  -44.998317
-48.216377  3.770356  15.034731  -23.509252  46.120023  -44.998262
-48.009290  3.800922  15.614660  -23.411799  45.992484  -44.998213
-47.699968  3.803402  16.456652  -23.272485  45.797857  -44.998142
-47.485031  3.779994  17.028666  -23.179228  45.659658  -44.998093
-47.185377  3.718671  17.812473  -23.053158  45.462898  -44.998027
-46.865189  3.621464  18.636154  -22.922705  45.247350  -44.997957
-46.614900  3.525635  19.272111  -22.823338  45.075019  -44.997903
-46.256859  3.361895  20.172180  -22.684628  44.822607  -44.997826
-45.977426  3.214500  20.868134  -22.578857  44.620766  -44.997767
-45.596253  2.988554  21.809988  -22.437683  44.338534  -44.997688
-45.304805  2.798074  22.525242  -22.331931  44.117324  -44.997629
-44.910018  2.517665  23.488448  -22.191427  43.810129  -44.997550
-44.579742  2.264748  24.289953  -22.076121  43.546395  -44.997486
-44.228805  1.979022  25.137852  -21.955676  43.259365  -44.997421
-43.924186  1.717675  25.871023  -21.852759  43.004485  -44.997365
-43.515941  1.349169  26.849843  -21.717082  42.654446  -44.997292
-43.208717  1.058815  27.583772  -21.616600  42.384571  -44.997238
-42.798753  0.654913  28.559673  -21.484594  42.015705  -44.997168
-42.491606  0.340590  29.288249  -21.387198  41.732726  -44.997114
-42.081770  -0.093643  30.256916  -21.259183  41.346192  -44.997043
-41.772400  -0.432136  30.985379  -21.163987  41.047562  -44.996987
-41.413000  -0.836388  31.828507  -21.054917  40.693150  -44.996920
-41.106502  -1.190098  32.544696  -20.963172  40.384480  -44.996861
-40.708133  -1.661590  33.471331  -20.845654  39.974348  -44.996780
-40.383076  -2.055720  34.223587  -20.751194  39.632123  -44.996709
-40.035900  -2.485560  35.022837  -20.651714  39.259018  -44.996630
-39.778640  -2.809746  35.612043  -20.578934  38.977438  -44.996569
-39.426066  -3.261526  36.414941  -20.480476  38.584407  -44.996481
-39.101749  -3.684386  37.148345  -20.391223  38.215537  -44.996398
-38.786185  -4.102186  37.856736  -20.305586  37.849811  -44.996313
-38.465895  -4.532307  38.569954  -20.219886  37.471680  -44.996226
-38.138487  -4.977931  39.292390  -20.133553  37.077872  -44.996137
-37.847448  -5.378786  39.928392  -20.057893  36.721591  -44.996057
-37.548950  -5.794231  40.574063  -19.981354  36.350054  -44.995977
-37.319613  -6.116191  41.065181  -19.923280  36.060360  -44.995917
-37.020615  -6.539295  41.698449  -19.848523  35.677103  -44.995842
-36.754751  -6.918439  42.254302  -19.782959  35.330987  -44.995778
-36.462442  -7.338157  42.856865  -19.711862  34.944610  -44.995711
-36.241130  -7.657719  43.306612  -19.658720  34.647982  -44.995663
-35.954275  -8.073920  43.880569  -19.590717  34.258202  -44.995605
-35.745350  -8.378277  44.291733  -19.541809  33.970509  -44.995566
-35.456277  -8.800786  44.850312  -19.474989  33.567084  -44.995513
-35.246670  -9.107944  45.247294  -19.427148  33.270601  -44.995477
-35.043241  -9.406508  45.625640  -19.381197  32.979609  -44.995443
-34.845989  -9.696285  45.985566  -19.337083  32.694324  -44.995409
-34.592575  -10.068710  46.437272  -19.281027  32.323155  -44.995365
-34.409684  -10.337412  46.755311  -19.240985  32.051897  -44.995332
-34.218000  -10.618786  47.081008  -19.199369  31.764409  -44.995296
-34.028877  -10.895987  47.394247  -19.158640  31.477393  -44.995258
-33.881909  -11.111004  47.631799  -19.127197  31.251900  -44.995227
-33.693474  -11.386027  47.928452  -19.087120  30.959420  -44.995184
-33.535536  -11.615829  48.169866  -19.053706  30.711128  -44.995146
-33.391301  -11.825012  48.384267  -19.023304  30.481635  -44.995109
-33.205319  -12.093600  48.651702  -18.984210  30.181420  -44.995060
-33.064102  -12.296539  48.847610  -18.954560  29.949830  -44.995021
-32.929530  -12.488998  49.028232  -18.926287  29.725812  -44.994983
-32.806096  -12.664624  49.188447  -18.900295  29.517085  -44.994947
-32.683138  -12.838602  49.342595  -18.874296  29.305615  -44.994911
-32.586658  -12.974360  49.459571  -18.853779  29.136831  -44.994883
-32.463951  -13.145942  49.603050  -18.827472  28.917942  -44.994846
-32.347219  -13.307908  49.733770  -18.802135  28.704495  -44.994810
-32.260985  -13.426662  49.826539  -18.783152  28.542889  -44.994783
-32.179596  -13.537956  49.910994  -18.764962  28.386695  -44.994755
-32.078503  -13.674980  50.011490  -18.741884  28.186662  -44.994719
-32.008173  -13.769397  50.078377  -18.725416  28.042656  -44.994691
-31.942481  -13.856804  50.138480  -18.709633  27.903682  -44.994662
-31.860042  -13.965223  50.210456  -18.689108  27.721552  -44.994621
-31.809868  -14.030381  50.252252  -18.676098  27.605316  -44.994593
-31.747901  -14.109770  50.301578  -18.659295  27.454295  -44.994552
-31.699523  -14.170705  50.338145  -18.645413  27.328781  -44.994515
-31.654973  -14.225748  50.370103  -18.631797  27.205010  -44.994476
-31.613652  -14.275544  50.398007  -18.618137  27.080206  -44.994433
-31.576068  -14.319293  50.421560  -18.604391  26.953950  -44.994387
-31.549186  -14.349172  50.436953  -18.593311  26.851679  -44.994348
-31.522403  -14.376881  50.450425  -18.580407  26.731996  -44.994302
-31.505225  -14.392534  50.457321  -18.570180  26.636672  -44.994264
-31.492534  -14.401498  50.460415  -18.560212  26.543302  -44.994226
-31.484449  -14.403127  50.459363  -18.550052  26.447638  -44.994189
-31.482161  -14.396437  50.453859  -18.540490  26.357083  -44.994154
-31.484070  -14.386573  50.447236  -18.534022  26.295493  -44.994131
